-0.554427 -0.182227 0.720913 0.178783 0.618408 0.0233977 -0.404347 0.836582 -0.742566 -0.307719 0
0.0338639 0.658919 0.0434786 -0.39908 -0.102314 0.520974 0.261574 -0.295411 0.23915 -0.271811 0
0.333572 -0.783414 -0.431626 -0.212105 -0.244434 -0.017214 0.0871829 -0.216963 -0.16559 -0.502703 0
0.776647 0.39453 -0.672068 0.255251 -0.415882 -0.418139 -0.341973 0.112185 -0.0841496 -0.676701 0
0.591466 0.865216 0.560109 0.465864 -0.311692 0.2402 0.310731 0.242046 -0.880499 0.158393 0
-0.203599 0.169044 -0.122567 0.00251155 -0.792848 0.232413 0.0193166 -0.879528 -0.214992 -0.821266 0
-0.115314 -0.17519 1.20563 0.741703 -0.508791 -0.545723 0.0497088 -0.300944 -0.625266 -0.213528 0
0.343765 0.735071 -0.672909 0.138697 -0.86844 -0.53289 -0.0797918 0
-0.771593 0.351748 -0.172136 -0.20345 0.317275 0.565501 -0.648244 0
0.250531 0.437823 -0.100422 -0.012321 -0.161844 -0.534182 -0.870242 0
0.352144 -0.520335 -0.642404 -0.213517 -0.388629 0.234404 -0.229599 0
-0.655157 0.392682 0.336838 0.0736551 0.360269 -0.150285 -0.638488 0
-0.766223 -1.38805 0.430359 0.889438 -0.200956 0
-0.234312 0.0168632 0.374975 -0.104366 -0.0565086 0
0.126833 0.1757 0.736682 -0.578936 -0.3585 0
