115.9000
116.0000
115.9800
115.9600
115.9900
115.9300
115.8300
115.8800
115.8200
115.8300
115.8600
115.8100
115.7900
115.8800
115.8300
115.8500
115.9400
115.9400
115.9200
115.8900
115.8900
115.8800
115.9400
115.8900
115.8800
115.8500
115.9000
116.0200
116.0900
116.0000
115.9500
115.8900
115.9100
115.9100
115.9200
115.9000
115.7500
115.7400
115.7200
115.8300
115.8000
115.7000
115.7200
115.6900
115.6700
115.6700
115.3600
115.1000
115.0700
115.1100
115.1000
115.0200
115.0100
115.1400
115.1300
115.0700
115.2100
115.2500
115.2500
115.3600
115.4500
115.4200
115.4110
115.4100
115.3400
115.2900
115.2700
115.2900
115.2700
115.2800
115.3900
115.3200
115.4000
115.4200
115.4400
115.4400
115.4700
115.4500
115.4400
115.4900
115.4500
115.4700
115.5100
115.5800
115.4800
115.4101
115.3700
115.4000
115.4100
115.4600
115.4000
115.1100
115.1700
115.1800
115.1700
115.1700
115.1900
115.1400
115.1400
115.1600
115.2500
115.2595
115.2800
115.1200
115.2100
115.2095
115.2300
115.3300
115.3200
115.3500
115.3600
115.4200
115.3700
115.0900
115.1000
115.1100
115.2400
115.2400
115.2400
115.2100
115.2500
115.2300
115.2200
115.2500
115.2800
115.3100
115.3100
115.3500
115.3300
115.3000
115.2100
115.2500
115.3600
115.2500
115.4300
115.5800
115.6000
115.6300
115.4900
115.3700
115.1900
115.3500
115.4499
115.5000
115.4800
115.4500
115.4200
115.3316
115.3700
115.5300
115.5400
115.5784
115.5900
115.4400
115.3000
115.1600
115.2400
115.1900
115.3900
115.2614
115.2100
115.1900
115.2790
115.1800
115.2000
115.2000
115.2000
115.1500
114.9500
114.9500
114.9900
115.0700
115.2800
115.3900
115.3300
115.3000
115.3100
115.3800
115.5284
115.4800
115.5400
115.5000
115.5300
115.5100
115.5201
115.4100
115.5600
115.4600
115.6100
115.5900
115.6800
115.4600
115.4715
115.5815
115.5190
115.5400
115.4923
115.4500
115.3900
115.3700
115.3900
115.3301
115.3300
115.3800
115.3000
115.3000
115.3400
115.2200
115.1700
115.3200
115.2700
115.3216
115.2300
115.2600
115.3300
115.2700
115.2300
115.3100
115.1900
115.1700
115.1300
115.0884
115.1100
115.0700
115.0700
115.0300
115.1200
115.2200
115.2600
115.3200
115.2899
115.3500
115.3410
115.3616
115.4100
115.3700
115.2900
115.2700
115.1800
115.2000
115.1800
115.1900
115.2000
115.1100
115.2400
115.3100
115.2877
115.3000
115.2900
115.3200
115.2600
115.2688
115.2500
115.1900
115.1800
115.1900
115.2100
115.2500
115.1600
115.0400
115.1350
115.0550
115.0100
115.0300
115.0150
115.0000
115.0300
114.9800
114.9600
114.9800
114.9600
114.9800
114.9200
114.9300
114.7983
114.6500
114.6699
114.7088
114.6200
114.5280
114.3810
114.2800
114.2099
114.1300
114.0100
113.8203
114.0500
114.0600
114.0600
114.0400
113.7800
113.7800
113.7599
113.9500
113.9000
113.9600
114.0390
114.0300
114.0000
114.0500
114.0600
114.0092
114.0501
114.0100
113.9000
113.8500
114.0200
113.9200
113.9300
113.9300
113.9600
113.9600
113.9900
114.0800
114.2200
114.2400
114.3177
114.3084
114.2610
114.3700
114.4290
114.4301
114.3901
114.2600
114.3957
114.3600
114.3600
114.3595
114.3300
114.2100
114.2500
114.1800
114.2300
114.1500
114.1900
114.2700
114.2001
114.1650
114.1300
114.0300
114.1200
114.0900
114.1900
114.2200
114.2100
114.2100
114.2000
114.1900
114.1300
114.2600
114.2500
114.2100
114.2600
114.2700
114.3900
114.3900
114.4200
114.3300
114.3100
114.3200
114.2958
114.4900
114.4200
114.4500
114.4000
114.4200
114.4551
114.4300
114.3700
114.2500
114.3401
114.2800
114.2900
114.3400
114.1900
114.1100
114.1900
114.2220
114.1384
114.0900
114.0300
114.0400
114.0184
114.0600
114.0700
114.0500
114.0500
113.9500
113.8900
113.8900
113.8700
113.8700
113.9100
113.7800
113.7900
113.8700
113.8400
113.8900
113.9400
113.9600
114.0400
114.0400
113.9800
114.0200
113.9200
113.9200
113.8863
113.8900
114.1100
114.1300
114.0800
114.0300
114.0294
114.0800
114.0600
114.1700
114.2199
114.2600
114.2000
114.2500
114.2650
114.2600
114.2900
114.2600
114.1600
114.1600
114.1300
114.1000
114.0411
114.0600
114.0100
114.1000
114.1000
114.0900
114.2000
114.1500
114.1700
114.1500
114.1390
114.2200
114.2100
114.1750
114.2100
114.1700
114.1200
114.1700
114.1500
114.1600
114.0900
114.0700
114.0900
114.1300
114.1700
114.1900
114.2400
114.2500
114.2100
114.1600
114.1591
114.1700
114.2000
114.1200
114.1500
114.1500
114.0900
114.1150
114.1300
114.1700
114.1600
114.0400
114.0300
114.0300
113.9300
113.9200
113.9500
114.0300
113.9400
113.9000
113.9000
113.9200
113.9800
113.9550
113.9500
113.8600
113.8500
113.8400
113.7800
113.7500
113.7050
113.6900
113.6600
113.6600
113.6699
113.6700
113.6200
113.5600
113.4800
113.6700
113.5550
113.5610
113.6900
113.5701
113.4600
113.5100
113.4900
113.4400
113.3456
113.2700
113.2900
113.2401
113.2600
113.2900
113.1300
113.3900
113.2000
113.1000
113.0801
113.1100
113.0500
113.0100
113.1699
113.1400
113.2500
113.3900
113.3400
113.3600
113.3200
113.3100
113.3000
113.3100
113.3900
113.4000
113.4300
113.5100
113.4700
113.4400
113.4400
113.4600
113.4600
113.4400
113.4400
113.4600
113.4600
113.4500
113.4600
113.4500
113.4410
113.4410
113.4600
113.5000
113.5000
113.4900
113.4800
113.4000
113.4000
113.5000
113.4200
113.5000
113.5000
113.4500
113.4500
113.5200
113.5400
113.5500
113.5400
113.5599
113.5300
113.4700
113.5300
113.5300
113.6300
113.7000
113.7201
113.8000
113.7800
113.7800
113.7400
113.6400
113.6600
113.6600
113.7000
113.6800
113.6700
113.6800
113.6800
113.6610
113.7400
113.6600
113.5300
113.5200
113.6000
113.6200
113.6900
113.2700
114.3900
114.3400
114.3400
114.3100
114.3500
114.3800
114.2600
114.2200
114.2200
114.2200
114.2200
114.2100
114.2200
114.2300
114.2300
114.2800
114.2300
114.2200
114.2700
114.2500
114.4900
114.4000
114.4500
114.5000
114.4500
114.4500
114.4200
114.5100
114.4400
114.4500
114.4800
114.4400
114.4300
114.4200
114.3900
114.3200
114.3200
114.3800
114.3700
114.4000
114.4200
114.4200
114.4200
114.4400
114.4200
114.4400
114.4100
114.3000
114.2000
114.1900
114.1900
114.2300
114.2000
114.1100
114.0500
113.9100
113.9100
113.6800
113.7800
113.7200
113.7900
113.7700
113.7300
113.8000
113.8500
113.8500
113.8501
113.8700
113.8300
113.8300
113.8000
113.8900
113.8700
113.8601
113.8400
113.7800
113.7600
113.8000
113.8180
113.8200
113.8300
113.8600
113.9200
113.9800
114.0200
114.0700
114.0700
114.0600
113.9900
113.9900
113.9700
114.0200
113.9500
113.8300
113.8300
113.8600
113.7500
113.7899
113.8500
113.8100
113.7900
113.8090
113.7500
113.7100
113.7700
113.8200
113.8400
113.8300
113.8500
113.9000
113.8500
113.8700
113.8500
113.8500
113.9100
113.8500
113.5600
113.4400
113.6100
113.4800
113.4300
113.3900
113.3800
113.4400
113.1200
113.3700
113.4500
113.3800
113.1700
113.1600
113.1600
113.0500
113.0600
112.8373
112.6100
112.7900
112.6200
112.6800
112.5600
112.3300
112.4500
112.4900
112.3000
112.2950
112.5200
112.6077
112.6500
112.7199
112.6400
112.6500
112.6000
112.4400
112.2200
112.1900
112.1700
112.3100
112.3438
112.3100
112.2800
112.4700
112.6050
112.7000
112.7500
113.0199
112.9999
112.9900
113.1000
113.3900
113.4800
113.4000
113.3600
113.4000
113.4400
113.3500
113.3000
113.0900
113.1300
113.0900
112.8500
112.9300
112.8099
112.9900
113.0700
113.1150
113.2400
113.2850
113.1601
113.1300
113.0700
113.0400
112.9500
113.1900
113.3690
113.4500
113.5400
113.5150
113.3900
113.3450
113.2800
113.2800
113.2800
113.2300
113.2300
113.1200
113.2600
113.1299
113.3400
113.2600
113.1200
113.0398
113.0800
113.3000
113.2300
113.2200
113.3000
113.2450
113.1192
113.1450
113.1000
113.1900
113.2200
113.0200
112.9500
112.8607
112.8750
112.9300
112.8700
112.9900
112.9700
112.8416
113.0400
113.1900
113.3100
113.3600
113.4200
113.4600
113.5500
113.7700
113.7100
113.8000
113.7000
113.7004
113.7900
113.7800
113.8699
114.1398
114.3800
114.6300
114.7000
114.7800
114.5900
114.6300
114.6500
114.6799
114.8100
114.7600
114.6600
114.6400
114.6900
114.8100
114.8300
114.9300
114.8400
114.8799
114.8800
114.9100
114.8500
114.9500
114.9100
114.8100
114.8250
114.7601
114.7700
114.7400
114.7100
114.7600
114.7200
114.7100
114.6300
114.7850
114.6800
114.6614
114.5649
114.4500
114.5300
114.4700
114.4700
114.4900
114.4100
114.4000
114.4500
114.4800
114.4999
114.5000
114.4700
114.4700
114.5200
114.5800
114.6900
114.7400
114.8150
114.7400
114.7050
114.8200
114.8050
114.8150
114.8500
114.8005
114.7700
114.7800
114.8200
114.7600
114.7600
114.7600
114.6800
114.6800
114.6900
114.7500
114.7200
114.8100
114.8100
114.7800
114.8250
114.9200
114.9600
115.0300
115.0506
115.1000
115.1462
115.1900
115.2200
115.2400
115.2900
115.2500
115.2300
115.1416
115.1300
115.2100
115.2400
115.2401
115.2850
115.2200
115.2600
115.2000
115.1900
115.2400
115.1850
115.1700
115.1000
115.1300
115.0850
115.1650
115.1300
115.1600
115.1500
115.2000
115.2600
115.2800
115.2300
115.2390
115.1994
115.1250
115.1000
115.1000
115.0800
115.1200
115.1400
115.1400
115.0600
115.0994
115.1300
115.1416
115.1000
115.1499
115.1400
115.1600
115.1900
115.2200
115.2600
115.2400
115.2600
115.2800
115.2200
115.2442
115.2400
115.0600
115.1200
115.2000
115.1800
115.2450
115.2899
115.3200
115.3300
115.3100
115.4000
115.4600
115.5800
115.4700
115.4200
115.4700
115.4700
115.4700
115.5000
115.4800
115.5000
115.4800
115.4620
115.4500
115.3650
115.4630
115.4400
115.4800
115.4500
115.5000
115.4900
115.4900
115.5300
115.4700
115.4100
115.4600
115.4200
115.4100
115.4200
115.4600
115.4700
115.4650
115.4800
115.5000
115.5100
115.4300
115.3900
115.4300
115.3400
115.2000
115.3300
115.3100
115.3400
115.3700
115.3500
115.4100
115.4600
115.4401
115.4400
115.4600
115.5200
115.4900
115.5200
115.5200
115.5500
115.6500
115.7100
115.6600
115.6800
115.6700
115.6800
115.6300
115.5290
115.4899
115.5700
115.5900
115.6601
115.7000
115.6899
115.6800
115.6400
115.7700
115.7699
115.7900
115.8000
115.7650
115.8000
115.8299
115.7999
115.7600
115.8100
115.8200
115.7900
115.8000
115.8600
115.7800
115.8200
115.8300
115.7700
115.7020
115.7700
115.8000
115.7200
115.6801
115.6000
115.6250
115.6800
115.6600
115.6350
115.6493
115.5700
115.6000
115.6700
115.6700
115.7800
115.7900
115.8491
115.8700
115.8300
115.9800
115.7000
115.6900
115.7300
115.7600
115.7000
115.7200
115.6800
115.6200
115.5700
115.5700
115.5700
115.5200
115.5300
115.5600
115.5100
115.6100
115.6100
115.6100
115.6010
115.5900
115.6200
115.6300
115.6300
115.6100
115.6100
115.5500
115.5600
115.5500
115.6200
115.6500
115.5400
115.4400
115.4800
115.4700
115.4500
115.4500
115.4700
115.4700
115.4800
115.5200
115.3000
115.4000
115.5100
115.6200
115.6500
115.6800
115.6200
115.5000
115.5400
115.5800
115.6200
115.6000
115.6300
115.6200
115.9800
115.5910
115.5800
115.5100
115.5600
115.5310
115.5700
115.5500
115.5210
115.5200
115.5100
115.4100
115.3800
115.4000
115.4300
115.3300
115.4000
115.4100
115.4200
115.4100
115.3900
115.3900
115.3500
115.3999
115.4000
115.3800
115.3700
115.3900
115.3800
115.3700
115.4000
115.4000
115.9800
115.5000
115.6000
115.5000
115.4800
115.4600
115.4600
115.3800
115.4000
115.4700
115.5400
115.6400
115.6000
115.6000
115.5200
115.6000
115.6000
115.6200
115.6400
115.7000
115.5600
115.7200
115.7400
115.7600
115.7200
115.7000
115.6400
115.6400
115.7500
115.7800
115.8000
115.8000
115.7800
115.7200
115.7000
115.6000
115.6900
115.5500
115.6000
115.6000
115.6200
115.6400
115.6000
115.6100
115.5500
115.5500
115.5900
115.6200
115.5800
115.5500
115.5400
115.5300
115.4200
115.3700
115.4000
115.1700
115.2800
115.3200
115.2600
115.2300
115.2699
115.3299
115.3900
115.3800
115.3800
115.3800
115.3800
115.3100
115.3400
115.1400
115.1800
115.1300
115.1500
115.1100
115.1700
115.0200
115.0600
115.0600
115.0700
114.9700
114.8400
114.8100
114.9300
115.0101
114.9500
115.0100
114.9500
115.0200
114.9900
114.9999
115.0000
114.9800
114.9800
115.0200
115.0200
114.7000
114.7300
114.7200
114.7299
114.6300
114.6000
114.6990
114.8000
114.8000
114.7100
114.6500
114.6200
114.6700
114.6700
114.7200
114.7499
114.7500
114.7300
114.7400
114.6700
114.6800
114.7200
114.7000
114.7100
114.7300
114.7700
114.7200
114.7500
114.7399
114.7200
114.8200
114.8200
114.9000
114.9500
114.8600
114.7100
114.6900
114.7900
114.8800
114.9100
114.8700
115.0100
114.8539
114.8000
114.8600
114.7800
114.8600
114.6800
114.7500
114.8100
114.8000
114.8200
114.8899
114.9999
115.0200
115.1900
115.1200
114.7900
114.9300
114.8900
114.9200
114.9680
114.9040
114.9500
115.0299
115.0100
115.2000
115.2876
115.2100
115.3500
115.1923
115.2800
115.3000
115.3300
115.3599
115.3200
115.3296
115.1999
115.2500
115.1500
115.0600
115.1201
115.1400
115.0600
115.0801
114.9200
114.9300
114.9600
114.9000
114.9000
114.9500
114.9700
114.9790
114.8300
114.8700
114.6150
114.5200
114.3600
114.5600
114.6100
114.6600
114.6400
114.7200
114.7301
114.7550
114.9100
114.9700
115.1000
115.0300
114.9000
115.0100
115.0400
115.0500
114.9100
114.8989
114.8500
114.7700
114.6400
114.6100
114.6600
114.6700
114.6500
114.6300
114.6300
114.6100
114.5400
114.5300
114.6201
114.6816
114.6400
114.6700
114.8300
114.9300
114.9400
114.9200
114.9601
114.8600
114.8200
114.8190
114.8350
114.8540
114.9500
114.8900
114.8100
114.7800
114.5800
114.4900
114.6000
114.5899
114.5500
114.4400
114.5000
114.6000
114.4491
114.4900
114.5400
114.4800
114.5100
114.6400
114.6100
114.5900
114.5391
114.4600
114.3300
114.3500
114.2950
114.2600
114.1600
114.1400
114.2900
114.3800
114.4997
114.4400
114.4100
114.3892
114.3300
114.3860
114.4700
114.4200
114.4000
114.5000
114.5000
114.6000
114.6000
114.6000
114.6082
114.5800
114.6200
114.6300
114.6077
114.6600
114.6700
114.6700
114.6800
114.7600
114.6900
114.7400
114.7480
114.8000
114.7800
114.8400
114.7600
114.7200
114.7750
114.7800
114.7200
114.6300
114.6000
114.6400
114.6100
114.6300
114.5600
114.5100
114.4700
114.5300
114.5900
114.5150
114.5100
114.4600
114.5588
114.5300
114.5400
114.5150
114.6150
114.6100
114.6100
114.5500
114.4700
114.4700
114.5000
114.5800
114.6300
114.6550
114.6750
114.6900
114.6700
114.6500
114.6500
114.6800
114.7000
114.6600
114.6600
114.7200
114.7200
114.7200
114.7400
114.7800
114.8700
114.8682
114.8299
114.8800
114.9500
115.0090
115.0200
115.0300
115.0499
115.0100
115.0300
115.0400
115.0600
114.9501
115.0250
115.0100
114.9900
115.0500
115.0900
115.1200
115.1300
115.1500
115.1100
115.0800
114.9799
115.0000
114.9400
114.9800
115.0000
114.9500
114.9200
114.8700
114.8900
114.9000
114.8700
114.8950
114.9000
114.9080
114.8900
114.8600
114.8750
114.8600
114.8490
114.8000
114.8300
114.7750
114.8700
114.9550
114.9000
114.9500
115.0050
114.9900
115.0400
114.9999
114.9500
114.9900
114.9700
114.9900
115.0200
114.9500
114.9800
115.0200
115.0800
115.0600
115.1000
115.1000
115.1200
115.1300
115.1400
115.1500
115.1800
115.1599
115.1400
115.1350
115.1284
115.1400
115.1405
115.1210
115.1300
115.1900
115.1600
115.1700
115.1700
115.1200
115.1000
115.0600
115.1100
115.1200
115.1100
115.0706
115.0900
115.1301
115.1800
115.2200
115.2200
115.1900
115.2000
115.2500
115.2200
115.2600
115.1699
115.1600
115.2000
115.1000
115.0100
114.9800
114.8800
114.9500
114.8500
114.8100
114.8000
114.7900
114.8600
114.7500
114.7700
114.8101
114.8400
114.8350
114.7799
114.8016
114.8600
114.8500
114.8700
114.9035
114.9350
114.8900
114.8900
114.7700
114.7643
114.7100
114.6400
114.6599
114.6900
114.6200
114.5600
114.6600
114.6300
114.6800
114.7400
114.7400
114.7800
114.8200
114.7600
114.8100
114.8000
114.8000
114.8300
114.8300
114.7600
114.7000
114.7500
114.8550
114.8400
114.8400
114.8000
114.8200
114.7400
114.7700
114.7300
114.7200
114.7800
114.8700
114.8600
114.7700
114.8200
114.8400
114.8500
114.8000
114.8000
114.8200
114.7400
114.7300
114.7500
114.5700
114.4650
114.4800
114.5000
114.2900
114.3000
114.2700
114.3600
114.3900
114.3600
114.3800
114.4100
114.4000
114.4600
114.4700
114.4200
114.4100
114.4100
114.3500
114.3800
114.3800
114.3700
114.3800
114.3900
114.3800
114.3700
114.4000
114.4400
114.4300
114.4300
114.4300
114.4300
114.4300
114.4400
114.4410
114.4700
114.4600
114.3600
114.4000
114.4000
114.3900
114.4000
114.3700
114.4600
114.4600
114.3700
114.5000
114.5300
114.5700
114.6600
114.6400
114.6300
114.6100
114.6300
114.6300
114.6300
114.6500
114.6600
114.6200
114.6200
114.5700
114.5000
114.5400
114.5400
114.3000
114.9000
114.8800
114.8500
114.8400
114.8400
114.8400
114.8200
114.9800
115.0300
115.0000
115.0000
115.0400
115.1000
115.1400
115.1800
115.2300
115.2500
115.4000
115.2900
115.1100
115.0800
115.0700
115.0000
115.0000
114.9600
114.9800
115.0000
114.9500
115.0000
114.9200
114.9500
114.9700
114.8900
114.9200
114.9500
115.0400
114.9300
114.9500
114.9700
115.1000
115.1800
115.1800
115.1700
115.1500
115.1500
115.1500
115.0000
115.2200
115.1500
115.1500
115.1200
115.1100
115.1000
115.1600
115.1900
115.1700
115.1900
115.2000
115.2000
115.1900
115.1800
115.1500
115.2000
115.2300
115.2199
115.2499
115.1100
115.1700
115.1800
115.1700
115.1600
115.2000
115.0400
115.0500
115.0000
115.0300
115.0500
115.0900
115.0600
115.0690
115.0500
114.9900
114.9500
114.8800
114.8600
114.8800
114.9000
114.9400
114.9700
115.0700
115.0200
115.0400
115.0200
114.9900
114.9500
114.9300
115.0400
115.1100
115.0200
115.0000
115.0300
115.0700
115.1100
115.1400
115.2000
115.1200
115.2400
115.0300
115.1300
115.2500
115.4500
115.4700
115.4800
115.3884
115.4800
115.4200
115.2850
115.3100
115.4000
115.3900
115.5500
115.4999
115.5000
115.3700
115.3200
115.4200
115.4700
115.5000
115.5100
115.5200
115.5200
115.4500
115.4600
115.5300
115.6614
115.5900
115.6100
115.6400
115.6200
115.6800
115.7100
115.6200
115.6400
115.6300
115.6400
115.6700
115.5300
115.5600
115.5900
115.6699
115.7114
115.6200
115.4884
115.5400
115.5400
115.4300
115.4684
115.4700
115.4400
115.4000
115.4200
115.4600
115.4200
115.4000
115.3900
115.4500
115.4200
115.4900
115.4100
115.4299
115.5200
115.4200
115.4500
115.4100
115.4400
115.5000
115.5200
115.5200
115.5900
115.5800
115.6800
115.6300
115.6300
115.6200
115.6350
115.6900
115.7750
115.8100
115.8200
115.8200
115.8300
115.8500
115.7800
115.7700
115.8150
115.8100
115.8780
115.8900
115.8650
115.8700
115.8100
115.8349
115.8500
115.8000
115.7213
115.7502
115.7500
115.7814
115.8000
115.8100
115.8499
115.8100
115.7500
115.6900
115.7500
115.8300
115.8200
115.7600
115.7550
115.7901
115.8000
115.8100
115.8500
115.9100
115.8716
115.9100
115.9000
115.8700
115.9000
115.9000
115.8600
115.8400
115.8200
115.7800
115.8000
115.7500
115.7800
115.7200
115.7000
115.7584
115.7101
115.7300
115.7610
115.7500
115.7500
115.8000
115.7800
115.7800
115.7900
115.8100
115.7800
115.7500
115.7100
115.7300
115.7500
115.7100
115.6514
115.6800
115.7200
115.6602
115.6800
115.7100
115.7000
115.7300
115.7900
115.8000
115.8000
115.7900
115.8100
115.8299
115.7950
115.8096
115.7816
115.7300
115.7600
115.7399
115.7100
115.7000
115.7400
115.7300
115.6900
115.6850
115.6650
115.7000
115.6700
115.7100
115.7300
115.6700
115.6700
115.6640
115.5701
115.5800
115.6014
115.5700
115.5500
115.4999
115.4900
115.5100
115.5200
115.4900
115.4300
115.4700
115.5012
115.4800
115.5100
115.5284
115.5300
115.5100
115.5100
115.4713
115.4500
115.4400
115.4600
115.4200
115.3960
115.4100
115.4400
115.3884
115.4000
115.4700
115.4400
115.4100
115.4000
115.4299
115.4300
115.4900
115.4800
115.4700
115.4900
115.5200
115.5000
115.4900
115.5200
115.5200
115.5492
115.5600
115.5800
115.5500
115.5700
115.5500
115.6100
115.6200
115.6150
115.6500
115.6400
115.6700
115.6900
115.6800
115.6600
115.6500
115.6200
115.6313
115.6300
115.6200
115.6400
115.6399
115.6700
115.6700
115.6500
115.6600
115.6600
115.6700
115.6900
115.7100
115.7300
115.7003
115.7200
115.7350
115.7200
115.7400
115.7599
115.7600
115.7800
115.7884
115.8200
115.8208
115.8300
115.9000
115.9199
115.8200
115.8000
115.7484
115.7700
115.7300
115.7500
115.8000
115.8000
115.7700
115.7600
115.7100
115.7300
115.7500
115.7700
115.7899
115.7400
115.7000
115.7100
115.6700
115.7100
115.6611
115.7300
115.7300
115.7050
115.7092
115.6900
115.6410
115.6950
115.6700
115.6500
115.6516
115.6700
115.7200
115.7000
115.7000
115.7000
115.7600
115.7700
115.7500
115.7300
115.7100
115.6499
115.6500
115.6600
115.6700
115.6500
115.6600
115.6999
115.7000
115.6600
115.6000
115.6400
115.6784
115.6500
115.5810
115.6170
115.6200
115.7200
115.6900
115.7100
115.7399
115.7600
115.7500
115.7700
115.7500
115.7050
115.7500
115.7100
115.7320
115.7000
115.6700
115.6500
115.6300
115.6100
115.5700
115.5700
115.6321
115.6100
115.5900
115.6400
115.6150
115.6500
115.6799
115.6601
115.6700
115.7000
115.6800
115.7100
115.7300
115.7400
115.8010
115.8600
115.8600
115.9000
115.8700
115.8950
115.8900
115.9399
115.9499
115.9900
115.9900
115.9900
115.9200
115.9400
115.9800
116.0200
116.1000
116.0250
116.0393
116.0550
116.1700
116.1900
116.2400
116.2200
116.2800
116.4100
116.3100
116.2399
116.2400
116.3000
116.2600
116.2500
116.2400
116.2200
116.1900
116.2200
116.2300
116.3200
116.3000
116.2910
116.2710
116.2700
116.2700
116.3100
116.3300
116.3000
116.3200
116.3100
116.3100
116.3500
116.3500
116.3600
116.3400
116.3400
116.2600
116.3010
116.3000
116.2700
116.2710
116.3000
116.4000
116.2600
116.2800
116.2900
116.2010
116.2200
116.3400
116.1600
116.1500
116.1600
116.1400
116.1700
116.1600
116.1600
116.1100
116.1300
116.1300
116.1300
116.1300
116.1200
116.1100
116.0600
116.0700
116.0700
116.1000
116.0700
116.1000
116.3400
116.1200
116.1400
116.0900
116.0800
116.3000
116.2800
116.3400
116.4400
116.4400
116.5200
116.5210
116.5500
116.5700
116.5700
116.5700
116.5500
116.6200
116.5900
116.6500
116.6400
116.5800
116.6000
116.6400
116.6500
116.6600
116.6400
116.6000
116.5500
116.5300
116.5300
116.5400
116.6100
116.5300
116.5400
116.5500
116.5800
116.5700
116.5600
116.5600
116.5600
116.5700
116.5500
116.5200
116.5100
116.5200
116.5400
116.5200
116.4400
116.8500
116.8600
116.9300
116.8200
116.7000
116.5600
116.6200
116.5900
116.6800
116.6300
116.7500
116.5600
116.4400
116.4600
116.4800
116.4800
116.4900
116.3100
116.1300
116.1400
116.2100
116.3200
116.2900
116.3300
116.4000
116.4200
116.4610
116.4700
116.5000
116.5400
116.4620
116.4800
116.5301
116.5300
116.5200
116.5300
116.5700
116.5900
116.5600
116.5800
116.5600
116.6900
116.7200
116.6600
116.7800
116.8200
116.8000
116.8499
116.8400
116.7200
116.7300
116.7700
117.0800
117.1300
117.2800
117.2300
117.1500
117.0300
117.0200
117.0100
117.0200
117.1200
117.2100
117.1300
117.1000
117.1500
117.0316
116.9500
116.9500
116.9450
116.9200
116.7100
116.6500
116.6400
116.6900
116.7100
116.6600
116.6400
116.6500
116.5900
116.6000
116.4600
116.5000
116.5300
116.6800
116.8400
116.7375
116.8500
116.9800
116.9365
116.8701
116.8800
116.8585
116.8100
116.8500
116.7300
116.7700
116.7500
116.7900
116.9000
116.8600
116.8500
116.8100
116.8700
116.8800
116.9795
116.9484
116.9100
116.8900
116.9000
116.9100
116.9200
116.9300
116.9501
117.0400
117.0350
117.0270
117.0400
116.9700
116.9700
116.9000
116.9000
116.8300
116.8600
116.8600
116.8600
116.8300
116.7800
116.7400
116.6930
116.6200
116.6200
116.5550
116.5820
116.6200
116.6600
116.5700
116.4830
116.6000
116.6200
116.6600
116.6800
116.7100
116.8101
116.7400
116.6000
116.5200
116.6200
116.7000
116.6800
116.7100
116.6850
116.7200
116.7000
116.6400
116.6400
116.5900
116.6100
116.5984
116.6200
116.6800
116.7599
116.7800
116.8700
116.9200
116.9199
116.7100
116.7584
116.7800
116.8750
116.9000
116.8800
116.8000
116.8200
116.8000
116.7800
116.7200
116.7700
116.7700
116.7300
116.7000
116.6900
116.7400
116.7000
116.6900
116.6800
116.6300
116.6900
116.7100
116.7700
116.7400
116.7600
116.8000
116.7800
116.7600
116.8000
116.8700
116.8900
116.9001
116.9900
117.0400
117.0300
116.9800
116.9900
117.0050
117.0461
117.0000
117.0200
117.0000
116.9800
116.9600
116.9500
116.9500
116.9500
116.9300
116.9200
116.9000
116.9300
116.9500
116.9400
116.9300
116.9394
116.9700
116.9800
116.9900
117.0200
117.0200
117.0100
116.9616
117.0000
117.0199
116.9800
116.9385
117.0100
117.0600
117.0000
117.0200
117.0600
117.0400
117.0000
116.9550
116.9200
116.9300
116.9100
116.9100
116.9000
116.9299
116.9600
116.9800
116.9900
116.9800
117.0200
117.0600
117.0600
117.0400
117.1000
117.1100
117.1400
117.1900
117.2000
117.2000
117.1800
117.2250
117.1700
117.2300
117.2116
117.1900
117.2100
117.1900
117.1700
117.1550
117.1400
117.1784
117.1700
117.2100
117.2150
117.2200
117.2300
117.2100
117.2200
117.2200
117.2000
117.1500
117.1200
117.1300
117.0800
117.0800
117.0800
117.0500
117.0500
117.0700
117.0500
117.0500
117.0700
117.0800
117.1150
117.1400
117.1300
117.1300
117.1300
117.1100
117.0850
117.0400
117.0400
117.0000
117.0100
117.0400
117.0900
117.1250
117.1050
117.0600
117.0700
117.0400
117.0300
117.0300
117.0200
117.0500
117.0520
117.0700
117.0550
117.1050
117.1300
117.1100
117.1100
117.1200
117.1300
117.1230
117.1600
117.1250
117.0900
117.1000
117.1000
117.0500
117.0700
117.0500
117.0300
117.0500
117.0700
117.0600
117.0900
117.1000
117.0100
117.0300
117.0100
116.9900
117.0300
117.0100
116.9900
116.9400
116.9900
116.9900
116.9800
116.9600
117.0250
116.9900
117.0099
116.9400
116.9500
116.9400
116.9387
116.9700
116.9399
116.8920
116.8900
116.9100
116.8893
116.8600
116.8450
116.8400
116.7650
116.7401
116.7400
116.7650
116.7900
116.7500
116.7300
116.6400
116.6900
116.7200
116.6800
116.6500
116.6700
116.7000
116.6400
116.5800
116.5500
116.6299
116.6499
116.6400
116.6800
116.7284
116.7700
116.8100
116.8000
116.8499
116.8100
116.8500
116.8100
116.8100
116.8499
116.8599
116.8900
116.8700
116.8850
116.8900
116.8600
116.8800
116.8782
116.8950
116.9600
116.9700
117.0399
116.9600
116.9300
117.0000
117.0405
117.0900
117.0500
116.9600
116.9109
116.9000
116.9584
116.9100
116.8200
116.8100
116.7300
116.7300
116.7000
116.7301
116.7300
116.7200
116.6500
116.6800
116.7400
116.7250
116.8200
116.9000
116.8800
116.9250
116.9700
117.0100
117.0300
117.0200
117.0000
116.9800
116.9600
116.9800
116.9800
116.9710
116.9500
117.0000
117.0200
117.0300
117.0300
117.0410
117.0500
117.0400
117.0700
117.0700
117.0799
117.0599
117.0000
117.0500
116.9200
117.0000
117.0100
117.0200
117.0800
117.0700
116.9800
117.1500
117.1500
117.1300
117.1300
117.1000
117.1200
117.0300
117.0100
117.0100
117.0100
117.0000
116.9500
116.8300
116.6500
116.9800
116.7000
117.0300
116.3900
116.2600
116.1200
116.0900
116.2200
116.3300
116.4800
116.3000
116.3700
116.6500
116.6700
116.5400
116.4200
116.4200
116.3300
116.3700
116.3800
116.3400
116.2900
116.3200
116.3400
116.4200
116.4500
116.4600
116.4500
116.4300
116.5200
116.5300
116.5100
116.5400
116.4800
116.5600
116.5100
116.5300
116.5299
116.4800
116.4500
116.4100
116.4200
116.4300
116.4300
116.3600
116.3400
116.3300
116.3700
116.3400
116.4100
116.4100
116.3700
116.4300
116.4100
116.4100
116.4400
116.4600
116.5300
116.5600
116.5500
116.5800
116.6900
116.6000
116.6100
116.5900
116.6300
116.6500
116.7100
116.7300
116.7000
116.6900
116.6500
116.6700
116.7200
116.6800
116.6601
116.6900
116.7600
116.7800
116.7800
116.8200
116.8100
116.8000
116.8800
116.8500
116.9100
116.9100
116.9400
117.1700
116.9900
116.8010
116.8000
116.5600
116.3800
116.2000
116.2788
116.1200
116.1950
116.2200
116.1800
116.2000
116.3300
116.4712
116.6400
116.7400
116.6100
116.6500
116.6000
116.5800
116.6100
116.4950
116.4800
116.3900
116.4800
116.5150
116.3400
116.3800
116.3800
116.3500
116.4300
116.3700
116.4200
116.3200
116.3950
116.4800
116.4100
116.3700
116.3000
116.4300
116.3300
116.2900
116.2500
116.2400
116.2400
116.2800
116.2288
116.2300
116.2900
116.3900
116.3700
116.3200
116.3300
116.3803
116.4099
116.4000
116.4300
116.4364
116.4300
116.4200
116.4000
116.4800
116.4700
116.3620
116.3400
116.4900
116.5300
116.4750
116.4700
116.5500
116.5800
116.6100
116.6100
116.6000
116.6000
116.6300
116.6090
116.6100
116.5700
116.5200
116.6500
116.7600
116.7399
116.5800
116.5700
116.5350
116.3800
116.4200
116.4670
116.4600
116.4102
116.4901
116.4500
116.4100
116.4100
116.4300
116.4900
116.4800
116.4700
116.4900
116.4400
116.5050
116.4300
116.4600
116.4600
116.5500
116.5200
116.5400
116.5500
116.6000
116.5800
116.5499
116.4900
116.4600
116.4250
116.5000
116.5200
116.5800
116.5700
116.6300
116.5300
116.5700
116.6000
116.6150
116.6400
116.6700
116.6700
116.6590
116.6100
116.6100
116.6200
116.6300
116.6250
116.6500
116.6700
116.6800
116.6600
116.7100
116.7300
116.7200
116.7000
116.7299
116.7700
116.8100
116.8390
116.8101
116.8499
116.8500
116.8693
116.8800
116.8600
116.8300
116.7400
116.7200
116.8050
116.7850
116.7401
116.7400
116.7600
116.7600
116.7800
116.7650
116.7400
116.7600
116.7500
116.7700
116.7400
116.7400
116.7300
116.7400
116.7100
116.6600
116.6600
116.6500
116.6500
116.6500
116.6600
116.6300
116.6400
116.7000
116.7300
116.7200
116.7250
116.6900
116.6800
116.6700
116.6800
116.6850
116.7000
116.7100
116.6800
116.6500
116.6500
116.6500
116.7000
116.7300
116.7210
116.7300
116.7000
116.7300
116.7276
116.7400
116.7400
116.7300
116.7300
116.6900
116.6900
116.6900
116.7199
116.7500
116.7400
116.7300
116.7600
116.7300
116.7400
116.7550
116.7600
116.7700
116.7500
116.7450
116.7500
116.7480
116.7700
116.7800
116.8000
116.8000
116.7600
116.7600
116.7000
116.6800
116.7000
116.7500
116.7600
116.7800
116.7400
116.7200
116.7200
116.7100
116.7199
116.6600
116.6600
116.6600
116.6400
116.6500
116.6700
116.7000
116.7300
116.7400
116.7500
116.7400
116.7620
116.7400
116.7100
116.7490
116.7300
116.7450
116.7300
116.7200
116.7200
116.7200
116.7400
116.7200
116.7300
116.7500
116.7600
116.7900
116.8200
116.7900
116.7600
116.7800
116.8000
116.8000
116.8100
116.8350
116.8329
116.8300
116.8300
116.8100
116.8300
116.8200
116.8500
116.8700
116.8700
116.8500
116.8917
116.8900
116.9100
116.9000
116.9195
116.9200
116.9209
116.9200
116.9100
116.9250
116.9400
116.9700
117.0100
117.0400
117.0795
117.1299
117.1300
117.1300
117.1400
117.1800
117.1500
117.1600
117.1500
117.1700
117.1594
116.9800
116.9900
116.9800
116.9800
117.0000
116.9600
117.0099
117.0000
117.0100
117.0000
116.9600
116.9650
116.9599
116.9800
116.9800
116.9600
116.9590
116.9600
117.0050
116.9700
116.9500
117.0050
116.9700
116.9400
116.9400
116.9099
116.9415
116.9500
116.9400
116.9300
116.9300
116.8800
116.9000
116.9000
116.9500
116.9300
116.9400
116.9800
116.9500
116.9000
116.9000
116.8400
116.8200
116.7804
116.7550
116.7581
116.7500
116.8200
116.7900
116.8300
116.8599
116.9200
116.9473
116.9150
116.9500
116.9500
116.9601
117.0000
117.0300
117.0600
116.9750
116.9000
116.8400
116.8700
116.8301
116.7514
116.7170
116.6900
116.6900
116.6600
116.6700
116.6500
116.6700
116.6200
116.5900
116.6700
116.6470
116.6150
116.7000
116.7000
116.8100
116.7700
116.8299
116.8700
116.8800
116.9200
116.9000
116.8400
116.8000
116.7600
116.7600
116.7200
116.7600
116.7600
116.7800
116.7800
116.7900
116.7700
116.6700
116.6900
116.7100
116.7700
116.7600
116.7600
116.8500
116.9400
116.9600
116.9500
116.8200
116.8900
116.8700
116.8500
116.7700
116.7500
116.7100
116.7100
116.7100
116.7000
116.7000
116.6700
116.7000
116.6600
116.6700
116.6600
116.6600
116.6300
116.5300
116.5100
116.4700
116.4500
116.6000
116.6500
116.6800
116.6300
116.7100
116.6800
116.7100
116.7000
116.6600
116.6200
116.6100
116.6100
116.6200
116.6000
116.5700
116.7000
116.6000
116.7000
116.6800
116.7000
116.7000
116.7000
116.7000
116.7300
116.7400
116.7400
116.7100
116.7600
116.7800
116.7800
116.7700
116.7900
116.7500
116.7396
116.7300
116.7300
116.7600
116.7000
116.7000
116.7000
116.7000
116.7000
116.7300
116.7800
116.7600
116.8000
116.8000
116.7800
116.7800
116.8100
116.8100
116.7800
116.7800
116.7900
116.8100
116.8100
116.7900
116.7900
116.7800
116.8000
116.8100
116.8500
116.8850
116.8900
116.8900
116.8400
116.8500
116.8950
116.8900
116.9200
116.9000
116.9000
116.8800
116.8800
116.8900
116.9000
116.9300
116.9900
117.0200
117.0200
117.0200
116.8550
116.9100
116.9100
116.8550
116.8700
116.9800
116.8709
116.9299
116.9200
116.9500
116.9500
117.0100
117.1000
117.1000
117.0600
117.0700
117.0500
117.1000
117.0600
117.0900
117.0650
117.1004
117.1700
117.1100
117.2000
117.2800
117.3100
117.3400
117.2550
117.3700
117.3500
117.3500
117.3600
117.3400
117.2800
117.2600
117.3550
117.3600
117.4299
117.5700
117.5077
117.5450
117.5900
117.6300
117.6891
117.6100
117.5500
117.5600
117.5499
117.5400
117.5882
117.6100
117.5901
117.6400
117.5200
117.5800
117.5500
117.5600
117.4450
117.2499
117.1500
116.9400
117.0601
117.0600
117.1100
117.1500
117.0660
117.1200
117.1200
116.9195
116.7052
116.7600
116.6785
116.6400
116.8190
116.8600
116.9000
116.9280
116.9200
116.8900
116.9200
116.7400
116.5962
116.7000
116.6700
116.6200
116.7600
116.7700
116.8312
116.6700
116.7400
116.6300
116.8400
116.8000
116.8900
116.8000
116.7700
116.7200
116.6400
116.6900
116.7503
116.6200
116.6100
116.5900
116.5430
116.6380
116.7000
116.7099
116.6498
116.7800
116.9000
116.9200
116.9899
117.0300
116.9800
117.0100
117.1200
117.0200
117.0700
116.9650
116.9300
116.9200
117.0100
117.0200
117.0700
117.0399
117.0800
117.1000
117.1020
117.1691
117.1500
117.2000
117.2000
117.2701
117.2800
117.3000
117.3600
117.3300
117.3500
117.3400
117.3300
117.3600
117.3700
117.3500
117.3700
117.3900
117.3701
117.3749
117.4000
117.4000
117.4700
117.5399
117.4800
117.4400
117.4400
117.4700
117.4220
117.4300
117.3900
117.3500
117.3400
117.3500
117.3599
117.3700
117.4100
117.4200
117.4500
117.4899
117.5004
117.5601
117.5200
117.4850
117.5000
117.5489
117.5661
117.5450
117.5500
117.4320
117.4001
117.3700
117.3700
117.2701
117.3100
117.3100
117.3600
117.3400
117.3600
117.3400
117.3299
117.3219
117.3100
117.2593
117.2700
117.2800
117.2400
117.2200
117.2100
117.2400
117.2600
117.2800
117.2900
117.2600
117.3000
117.2620
117.2500
117.2500
117.2200
117.2400
117.2800
117.2800
117.2900
117.3200
117.2900
117.2900
117.2600
117.2750
117.2900
117.3000
117.2699
117.2500
117.2700
117.3050
117.2700
117.2600
117.2700
117.2600
117.2601
117.3500
117.3500
117.2900
117.2400
117.2100
117.2650
117.2730
117.2250
117.1700
117.2700
117.2800
117.2399
117.2500
117.3001
117.3500
117.3610
117.3000
117.3400
117.3000
117.3100
117.3200
117.3100
117.3500
117.3200
117.3300
117.3000
117.1600
117.0200
117.1200
117.1200
117.1500
117.1000
117.1506
117.1800
117.2200
117.2000
117.2000
117.2400
117.3000
117.3200
117.3400
117.3450
117.4100
117.3000
117.2500
117.1599
117.0800
117.1000
117.1200
117.0500
117.0500
117.0400
117.0500
117.0400
116.9900
116.9800
116.9100
116.9800
116.9700
117.0600
117.1300
117.0600
117.0600
117.1000
117.1634
117.1500
117.1700
117.1700
117.1799
117.2100
117.2001
117.1900
117.2200
117.2100
117.2300
117.2600
117.2899
117.2600
117.2100
117.2800
117.2800
117.2500
117.2500
117.2300
117.2027
117.2300
117.2300
117.2500
117.2600
117.2980
117.2800
117.2500
117.2500
117.2350
117.2200
117.2300
117.1800
117.2400
117.2100
117.2100
117.2500
117.2150
117.1799
117.1300
117.1500
117.1399
117.0800
117.0800
117.0700
117.0850
117.1000
117.1100
117.0700
117.0400
117.0000
117.0700
117.0600
117.1000
117.0400
117.0100
117.0450
117.0600
117.0950
117.0795
117.1100
117.1300
117.0800
117.0900
117.0800
117.1000
117.1150
117.0350
117.0100
117.0100
117.0700
117.0900
117.0800
117.0299
117.0100
116.9900
116.9400
116.9900
116.9450
116.9200
116.9500
116.9300
116.9300
116.9100
116.8300
116.8300
116.8400
116.8400
116.7700
116.8700
116.8100
116.7900
116.7900
116.8800
116.9510
116.9400
117.1000
117.0100
116.9399
116.9500
116.9500
116.8900
116.8500
116.8400
116.8300
116.8100
116.8300
116.8500
116.8600
116.8600
116.8600
116.8800
116.9500
117.0000
117.0200
117.0200
117.0500
117.0400
117.0100
117.0000
117.0100
117.0400
117.0400
117.0400
116.9900
116.9400
116.9600
116.9900
117.1100
116.9400
116.9300
116.9200
116.9000
116.9000
116.8800
116.8900
116.8400
116.8900
116.8700
116.8900
116.9000
116.9200
116.9000
116.8700
117.1100
116.5200
116.5600
116.5600
116.6600
116.6000
116.6200
116.6000
116.6000
116.6200
116.5800
116.6100
116.4200
116.5100
116.6800
116.6100
116.7500
116.7800
116.7700
116.8400
116.8600
116.8600
116.8600
116.8100
116.7800
116.8000
116.7100
116.6900
116.7000
116.6300
116.6000
116.7200
116.6800
116.7200
116.7000
116.7100
116.7300
116.7500
116.7500
116.7500
116.8000
116.6896
116.7196
116.7096
116.7196
116.7100
116.7200
116.7200
116.6900
117.3500
117.5900
117.5200
117.4400
117.4600
117.4400
117.5600
117.4900
117.5200
117.6100
117.5900
117.5701
117.6500
117.7200
117.6900
117.6600
117.7000
117.7000
117.6900
117.7300
117.7000
117.6001
117.6300
117.6100
117.6400
117.6500
117.6300
117.5900
117.6800
117.6100
117.6800
117.7000
117.7300
117.6900
117.8100
117.8300
117.8000
117.8000
117.8200
117.9200
117.9900
118.0600
118.1000
118.1000
118.0400
118.0300
117.9700
117.9900
118.1000
118.1100
118.0900
117.9900
118.0000
118.0300
118.0200
117.9900
117.9707
117.9000
117.9000
117.8100
117.7000
117.6850
117.6800
117.7809
117.8800
117.7600
117.7800
117.7000
117.8000
117.8662
117.8100
117.9311
117.9600
118.0000
118.0199
117.9550
117.9900
118.0100
118.0200
117.9400
117.9700
117.9600
117.9500
117.9950
117.8200
117.9700
117.9500
117.8900
117.8500
117.8200
117.8500
117.9000
117.8800
117.9500
117.9700
117.9450
117.8500
117.8698
117.8600
117.8500
117.7750
117.7800
117.8000
117.8900
117.9000
117.8900
117.8700
117.8400
117.8500
117.8901
117.9000
117.8500
117.8800
117.9300
117.8800
117.9000
117.8200
117.7300
117.6900
117.7150
117.6300
117.6400
117.7850
117.7400
117.7000
117.8200
117.8673
117.8700
117.9100
117.9100
117.9200
117.8250
117.8700
117.9300
117.8600
117.9000
117.9050
117.9000
117.8450
117.8400
117.7700
117.7900
117.7500
117.6700
117.6600
117.6400
117.5700
117.4800
117.4400
117.4500
117.5000
117.5100
117.4100
117.4300
117.3600
117.3100
117.3550
117.3550
117.4001
117.3700
117.3700
117.2000
117.2200
117.2300
117.2250
117.3400
117.4100
117.4600
117.4300
117.4629
117.4600
117.4450
117.3300
117.3791
117.2900
117.2900
117.3000
117.3400
117.4300
117.3950
117.3700
117.3700
117.3600
117.3200
117.3400
117.3000
117.2689
117.2450
117.1400
117.1600
117.1100
117.1700
117.1700
117.1200
117.1000
117.0800
117.1300
117.1000
117.2000
117.1350
117.1800
117.1900
117.2500
117.2500
117.2000
117.2600
117.2699
117.3599
117.3850
117.4250
117.4501
117.4300
117.3303
117.3700
117.3500
117.2900
117.2900
117.3100
117.3100
117.3200
117.3100
117.3100
117.3300
117.2800
117.2650
117.2800
117.3100
117.2800
117.3400
117.3500
117.4500
117.4000
117.3600
117.3300
117.3900
117.4050
117.4000
117.4500
117.4890
117.4900
117.5000
117.4800
117.5300
117.5300
117.5299
117.4999
117.5000
117.4900
117.4900
117.4900
117.5200
117.5100
117.5500
117.5350
117.5000
117.5300
117.5200
117.4900
117.5400
117.5100
117.5600
117.5400
117.5000
117.5400
117.5700
117.6000
117.5799
117.5800
117.6100
117.6600
117.6600
117.6700
117.6990
117.7100
117.7400
117.7201
117.7002
117.7200
117.6900
117.7100
117.6900
117.6650
117.6400
117.6200
117.6400
117.6500
117.6000
117.6600
117.6100
117.6700
117.6750
117.6800
117.7003
117.7400
117.7150
117.7400
117.7400
117.6300
117.6390
117.6499
117.5998
117.5700
117.5301
117.5400
117.5000
117.5450
117.5600
117.5950
117.5450
117.5950
117.6816
117.6800
117.6700
117.6600
117.6300
117.6400
117.6600
117.6550
117.6800
117.7190
117.7000
117.6800
117.6900
117.6600
117.6700
117.6020
117.6000
117.6300
117.6500
117.6500
117.6500
117.7200
117.7300
117.7400
117.7508
117.7000
117.7100
117.7000
117.6700
117.6899
117.6999
117.6200
117.5800
117.5800
117.5600
117.5800
117.5700
117.4995
117.5150
117.5099
117.4900
117.5500
117.5800
117.5896
117.6100
117.6711
117.6900
117.6700
117.6650
117.6500
117.6900
117.6850
117.7000
117.6900
117.6900
117.7200
117.7550
117.7400
117.7200
117.6500
117.6700
117.6800
117.6702
117.6400
117.6600
117.6400
117.6300
117.6500
117.6400
117.6450
117.6400
117.6600
117.6600
117.6700
117.6700
117.6800
117.7100
117.7090
117.7200
117.7300
117.7050
117.7500
117.7900
117.8100
117.8350
117.8800
117.8500
117.8800
117.8600
117.8700
117.8001
117.8400
117.8400
117.8499
117.8500
117.8600
117.8972
117.8900
117.9000
117.9100
117.9300
117.9400
117.9349
117.9300
117.9100
117.8600
117.8900
117.8800
117.9200
117.9000
117.8500
117.8200
117.8300
117.7750
117.7600
117.7600
117.7330
117.7100
117.6800
117.6900
117.7200
117.7900
117.8330
117.8550
117.8300
117.8200
117.8650
117.7700
117.8300
117.7500
117.8600
117.9100
117.9200
117.9400
117.9600
117.9000
117.9100
117.9100
117.9100
117.8800
117.9700
117.8700
117.8800
117.8800
117.8800
117.8800
117.9500
117.9800
117.9600
117.9300
117.9400
117.9700
117.9400
117.9300
117.9500
117.8400
117.8400
117.9100
117.8400
117.9400
117.8910
117.8900
117.8900
117.8500
117.8300
117.8300
117.8400
117.8200
117.8700
117.8700
117.8500
117.8800
117.8600
117.8500
117.8200
117.8300
117.8200
117.8000
117.8100
117.8200
117.9700
117.8600
117.7900
117.8100
117.9100
117.9200
117.9600
117.9900
117.9900
117.9700
117.9900
117.9700
117.9700
117.9700
117.9400
117.9700
117.9700
117.9900
118.0300
118.0300
118.0300
117.9700
118.0400
118.0000
118.0800
118.0800
118.1000
118.0900
118.0800
118.1100
118.1200
118.1000
118.0700
118.0500
118.0800
118.1500
118.1500
118.0900
118.1400
118.1200
118.1200
118.1100
118.1000
118.1000
118.1000
118.1000
118.0500
118.0800
118.0499
118.0301
118.0400
118.0500
118.0600
118.0200
117.9900
117.9600
117.9499
117.8800
117.8900
117.9600
117.9000
117.9000
117.9500
117.9300
117.9080
117.9200
117.9000
117.7500
117.7400
117.7800
117.7299
117.7200
117.7700
117.7701
117.7500
117.9200
117.9100
117.9600
117.9600
117.9400
117.9400
117.9100
117.8300
117.8700
117.8800
117.8100
117.8400
117.8300
117.8400
117.9100
117.9300
117.9200
117.8400
117.6600
117.6050
117.5200
117.4700
117.6400
117.5600
117.4800
117.4550
117.4700
117.5000
117.5100
117.4949
117.6200
117.5600
117.5399
117.5930
117.6100
117.5800
117.5300
117.5800
117.5399
117.5800
117.4300
117.4300
117.3100
117.3200
117.4300
117.4500
117.4850
117.4600
117.3400
117.2900
117.2250
117.2300
117.3100
117.1800
117.1650
117.1800
117.1499
117.1800
117.1700
117.2700
117.2700
117.3800
117.4200
117.3600
117.3830
117.4500
117.5101
117.5450
117.5030
117.5800
117.5700
117.5400
117.5950
117.6600
117.6370
117.6200
117.6400
117.6999
117.7600
117.7100
117.7500
117.7201
117.7100
117.6800
117.6800
117.7200
117.7370
117.7101
117.7600
117.7200
117.7600
117.7800
117.7700
117.7400
117.7700
117.7300
117.7500
117.8200
117.9400
117.9500
117.9200
117.9250
117.9350
117.9020
117.9100
117.9400
117.9200
117.9700
117.9002
117.8900
117.8100
117.8000
117.7900
117.7700
117.7600
117.7100
117.7600
117.7700
117.7300
117.7300
117.7300
117.7200
117.6900
117.6900
117.7990
117.8207
117.8700
117.8600
117.8750
117.8600
117.9000
117.8800
117.9000
117.9600
118.0300
118.0200
118.0050
117.9750
117.9150
117.9600
118.0900
118.1199
118.0700
118.0700
118.0690
118.0700
118.1100
118.1100
118.1500
118.1300
118.1220
118.1300
118.1104
118.1000
118.0800
118.0630
118.0800
118.0900
118.0750
118.1100
118.1400
118.2299
118.2014
118.2000
118.1600
118.1600
118.1600
118.0700
118.1900
118.1400
118.1700
118.1600
118.1000
118.1400
118.1800
118.1900
118.2350
118.3099
118.3400
118.4000
118.4350
118.4200
118.4200
118.3501
118.3100
118.2600
118.2900
118.2900
118.2800
118.2600
118.3000
118.2900
118.2900
118.3600
118.4100
118.3960
118.4000
118.4100
118.4590
118.4389
118.4200
118.4613
118.4788
118.4600
118.4600
118.4900
118.4999
118.4610
118.4510
118.4600
118.4213
118.4600
118.4400
118.4400
118.4700
118.4800
118.4800
118.4600
118.4500
118.4400
118.4800
118.4900
118.4190
118.4300
118.4500
118.4040
118.4000
118.4400
118.4000
118.3700
118.3310
118.3400
118.3772
118.3700
118.4000
118.3500
118.3200
118.3700
118.3250
118.3300
118.3400
118.3400
118.3201
118.3800
118.3300
118.3098
118.2900
118.3200
118.2900
118.3300
118.3800
118.3950
118.3800
118.3700
118.4200
118.3800
118.4100
118.4203
118.4100
118.4119
118.4300
118.4300
118.4600
118.4600
118.4700
118.4700
118.4700
118.4900
118.5500
118.5000
118.4900
118.5000
118.4850
118.4400
118.4400
118.4800
118.4600
118.4313
118.4300
118.4795
118.5050
118.5100
118.5150
118.4900
118.5100
118.5200
118.4600
118.4500
118.4300
118.4196
118.4200
118.4700
118.4600
118.5100
118.4900
118.4800
118.4900
118.5199
118.5200
118.5163
118.5300
118.5200
118.5450
118.5401
118.6300
118.5900
118.6100
118.6320
118.6300
118.6400
118.6600
118.6600
118.6300
118.5800
118.5800
118.5900
118.6200
118.6400
118.6300
118.6200
118.6500
118.7090
118.6700
118.6801
118.6900
118.7450
118.7100
118.7200
118.7300
118.7550
118.6900
118.6900
118.6902
118.7000
118.7300
118.7300
118.7417
118.7400
118.7600
118.7300
118.7608
118.7613
118.8400
118.8600
118.8599
118.8700
118.8500
118.8500
118.8699
118.8900
118.8701
118.8900
118.8850
118.9320
118.9300
119.0000
118.9701
118.9400
118.9548
118.9200
118.9300
118.9200
118.9400
118.9200
118.9300
118.9250
118.9300
118.9550
118.9790
118.9900
119.0200
119.0200
118.9400
118.9000
118.9100
118.9200
118.9700
118.9700
118.9200
118.9700
118.9900
118.9800
119.0300
119.0150
119.0000
119.0699
119.0900
119.1100
119.0798
119.0300
118.9810
118.9800
118.9800
118.9500
118.9400
118.9800
118.9500
118.9600
118.8700
118.9300
119.0500
119.0400
119.1200
119.0350
119.0300
119.0950
119.0300
118.9900
118.9700
118.9800
118.9600
118.9300
118.9700
118.9700
118.9200
118.9400
118.9100
118.9400
118.9500
118.9500
118.9600
118.9700
118.9600
118.9600
118.9800
119.0000
119.0600
119.0500
119.0400
119.0600
119.0600
119.1100
119.0800
119.0800
119.0000
119.0600
119.0600
119.0000
119.0000
119.0000
119.0600
118.9200
118.9500
118.9500
118.9400
118.9300
118.9300
118.9400
118.9500
118.9100
118.9200
118.9600
118.9200
119.0000
118.9800
118.9800
118.9300
118.9400
118.9200
118.9500
118.9300
118.9200
118.8800
118.9000
118.8400
118.8500
118.8500
118.8700
118.8899
118.9100
118.8600
118.8700
118.8600
118.9600
119.2000
119.1000
119.1400
119.1600
119.3900
119.2200
119.1400
119.1700
119.1700
119.1900
119.1700
119.1700
119.1500
119.1000
119.2000
119.1700
119.1500
119.1100
119.1200
119.1100
119.1500
119.1800
119.1800
119.2200
119.2300
119.2300
119.2900
119.3100
119.3000
119.2500
119.2600
119.2600
119.3100
119.3200
119.3000
119.3200
119.3200
119.3800
119.3600
119.3900
119.3300
119.3300
119.3700
119.3600
119.3800
119.3800
119.4000
119.4000
119.4000
119.4200
119.4200
119.3700
119.4000
119.4000
119.4500
119.4000
119.4500
119.3800
119.3800
119.1800
119.2300
119.2100
119.2500
119.2200
119.1700
119.1500
119.0700
119.2100
119.2800
119.3500
119.3700
119.2918
119.3299
119.4300
119.5100
119.5627
119.6100
119.5600
119.3800
119.5000
119.5200
119.4700
119.4385
119.4900
119.4710
119.4800
119.4500
119.3600
119.2700
119.1900
119.1300
119.1100
119.1898
119.1500
119.2100
119.1785
119.1300
119.1899
119.2011
119.2200
119.1784
119.1600
119.2000
119.3200
119.3150
119.4000
119.5200
119.4550
119.5600
119.5700
119.5500
119.5100
119.4700
119.4093
119.2600
119.2823
119.2600
119.2602
119.2600
119.2700
119.3500
119.3800
119.3450
119.2600
119.2900
119.3000
119.2800
119.2200
119.1700
119.1899
119.1800
119.2000
119.1500
119.2000
119.3200
119.3600
119.3500
119.3000
119.2910
119.3600
119.3500
119.3000
119.2300
119.3016
119.3199
119.2900
119.2800
119.3100
119.3503
119.3650
119.3850
119.3400
119.3869
119.3501
119.2500
119.3100
119.2800
119.2900
119.2860
119.3550
119.4099
119.4301
119.4390
119.4399
119.4000
119.4000
119.4100
119.4296
119.3600
119.3500
119.3900
119.3699
119.3399
119.3550
119.3700
119.3700
119.3500
119.4400
119.4300
119.4200
119.3900
119.3999
119.3500
119.3400
119.3550
119.3370
119.2700
119.2850
119.3104
119.3400
119.3500
119.4043
119.4100
119.4150
119.4100
119.3697
119.3500
119.3350
119.3500
119.3100
119.3200
119.3300
119.3100
119.3350
119.3200
119.3250
119.3300
119.3599
119.3700
119.4200
119.4116
119.4100
119.3800
119.3890
119.4000
119.4191
119.4200
119.3900
119.4000
119.4100
119.3950
119.4000
119.4000
119.4100
119.3990
119.3800
119.3500
119.3100
119.3200
119.3699
119.3900
119.3400
119.3400
119.3292
119.3250
119.3500
119.3300
119.3400
119.3619
119.3300
119.3000
119.2500
119.2450
119.2750
119.2800
119.2600
119.2510
119.2600
119.2650
119.2800
119.2700
119.2600
119.2900
119.3000
119.3108
119.3300
119.3299
119.3000
119.3000
119.3050
119.3300
119.3600
119.3600
119.3900
119.3790
119.4000
119.4200
119.4000
119.3900
119.3750
119.3700
119.3500
119.3300
119.3000
119.3000
119.2700
119.3299
119.3200
119.3100
119.3300
119.3100
119.3500
119.3500
119.3800
119.4000
119.3980
119.4030
119.4200
119.4150
119.4050
119.4199
119.3715
119.3700
119.3800
119.4000
119.4100
119.4100
119.4100
119.4200
119.4300
119.4200
119.3900
119.4100
119.4000
119.4350
119.4300
119.4600
119.4499
119.4700
119.5301
119.5900
119.5305
119.5300
119.5300
119.5650
119.5400
119.5200
119.5300
119.5163
119.4900
119.4800
119.5000
119.5200
119.5000
119.5200
119.4900
119.5100
119.5070
119.5049
119.4400
119.4750
119.5250
119.5100
119.5150
119.4900
119.4900
119.4700
119.5300
119.5200
119.5101
119.5100
119.5200
119.5120
119.5200
119.5400
119.5200
119.5000
119.4900
119.4700
119.4500
119.4800
119.4301
119.4599
119.4600
119.4700
119.4600
119.4200
119.4400
119.4200
119.4200
119.3900
119.3800
119.3800
119.3800
119.3900
119.3500
119.3450
119.3050
119.3000
119.1950
119.1400
119.1100
119.1900
119.1900
119.2400
119.2700
119.3000
119.2500
119.2200
119.2200
119.2300
119.2400
119.2500
119.2500
119.3100
119.2800
119.3100
119.2900
119.3208
119.3200
119.2800
119.2900
119.3200
119.3400
119.4050
119.3850
119.3750
119.3850
119.3900
119.3800
119.4090
119.3801
119.4300
119.4300
119.3900
119.3700
119.3850
119.4100
119.4301
119.4400
119.4600
119.4600
119.4150
119.3750
119.3700
119.3408
119.3300
119.3200
119.2900
119.2300
119.2500
119.2400
119.2400
119.3800
119.4400
119.4700
119.4400
119.4500
119.4200
119.4400
119.4700
119.4393
119.3900
119.4516
119.4850
119.4550
119.4200
119.4400
119.4300
119.3775
119.3235
119.3700
119.3300
119.2500
119.3300
119.3600
119.4650
119.6900
119.6100
119.6600
119.6900
119.6900
119.6000
119.5300
119.5500
119.5600
119.5400
119.6700
119.5400
119.5000
119.5400
119.5300
119.5700
119.5800
119.5700
119.6000
119.5700
119.5700
119.5800
119.5500
119.5500
119.5300
119.4900
119.4800
119.4400
119.3800
119.5400
119.5300
119.4000
119.3900
119.4100
119.4000
119.4000
119.5000
119.5000
119.5000
119.6700
119.5000
119.1900
119.6700